1
5
5
5
5
1
5
5
5
5
1
1
111609
111609
111504
111609
25587
25587
4261
1
25587
110532
111609
111609
111504
2474
111609
111577
4261
1
25587
110532
111609
111609
111504
2474
111609
111577
4261
1
25587
110532
110532
111609
111609
111504
2474
111609
111577
4261
1
25587
110532
111609
111609
111504
2474
111609
111577
4261
1
25587
110532
110532
110532
111609
111609
111504
2474
111609
111577
4261
1
25587
110532
110532
111609
111609
111504
2474
111609
111577
4261
1
25587
110532
111609
111609
111504
2474
111609
111577
4261
1
25587
110532
110532
110532
111609
111609
111504
2474
111609
111577
4261
1
25587
110532
110532
110532
111609
111609
111504
2474
111609
111577
4261
1
25587
110532
111609
111609
111504
2474
111609
111577
4261
1
25587
110532
111609
111609
111504
2474
111609
111577
4261
1
111609
111609
111504
4
111609
25587
4261
1
111609
111609
111504
4
111609
25587
4261
1
110532
110532
110532
110532
111609
111609
111504
2474
111609
25587
4261
1
110532
110532
111609
111609
111504
2474
111609
25587
4261
1
110532
110532
111609
111609
111504
2474
111609
25587
4261
1
110532
110532
110532
110532
110532
111609
111609
111504
2474
111609
25587
4261
1
110532
110532
110532
111609
111609
111504
2474
111609
25587
4261
1
110532
110532
110532
110532
111609
111609
111504
2474
111609
25587
4261
1
110532
110532
111609
111609
111504
2474
111609
25587
4261
1
110532
110532
111609
111609
111504
111609
2474
25587
4261
1
110532
110532
111609
111609
111504
111609
25587
4261
1
110532
111609
4
111609
111504
2474
111609
25587
4261
1
111609
111609
111504
4
111609
25587
4261
1
110532
110532
110532
110532
111609
111609
111504
2474
111609
111577
4261
25587
1
110532
110532
110532
111609
111609
111504
2474
111609
111577
4261
25587
1
110532
111609
111609
111504
111609
111577
