1
2435
2435
2435
2435
2435
2435
2435
240
2435
2435
286
240
2435
2435
286
240
2435
2435
9766
286
240
2435
2435
9766
286
240
2435
2435
9766
286
240
2435
2435
286
240
2435
2435
9766
286
240
2435
2435
9766
286
240
2435
2435
286
240
2435
2435
286
240
2435
2435
286
240
2435
2435
286
240
2435
2435
5935
286
240
2435
2435
2435
3597
2435
3597
2435
2435
1361
2435
8083
1361
2435
2435
2435
2395
4475
2395
4475
4475
2395
8503
4475
4475
2395
4475
2395
4475
4475
2395
60663
4475
4475
2395
60663
4475
4475
2395
60663
4475
4475
2395
4475
4475
2395
60663
4475
4475
2395
60663
4475
4475
2395
60663
4475
4475
2395
4475
4475
2395
60663
4475
4475
2395
60663
4475
4475
2395
60663
4475
4475
2395
4475
4475
2395
60663
4475
4475
2395
60663
4475
4475
2395
60663
4475
4475
2395
4475
4475
2395
60663
4475
4475
2395
60663
4475
4475
2395
60663
4475
4475
2395
4475
4475
2395
60663
4475
4475
2395
60663
4475
4475
2395
60663
4475
4475
2395
4475
4475
2395
60663
4475
4475
2395
60663
4475
4475
2395
60663
4475
4475
2395
4475
4475
2395
60663
4475
4475
2395
60663
4475
4475
2395
60663
4475
4475
2395
4475
4475
2395
60663
4475
4475
2395
60663
4475
4475
2395
60663
4475
4475
2395
4475
4475
2395
60663
4475
4475
2395
60663
4475
4475
2395
60663
4475
4475
2395
4475
4475
2395
60663
4475
4475
2395
60663
4475
4475
2395
60663
4475
4475
2395
4475
4475
2395
60663
4475
4475
2395
60663
4475
4475
2395
60663
4475
4475
2395
4475
4475
2395
60663
4475
4475
2395
60663
4475
4475
2395
60663
4475
4475
2395
4475
4475
2395
60663
4475
4475
2395
60663
4475
4475
2395
