1
232
240
232
240
232
240
240
232
240
240
232
240
240
232
240
232
240
240
232
240
240
232
240
232
240
232
240
232
240
232
240
240
232
1
1
2395
1245
1
1
2395
4475
2395
1
2395
4475
2395
4475
2395
4475
2395
2395
4475
2395
4475
2395
4475
2395
2395
4475
2395
4475
2395
4475
2395
2395
4475
2395
4475
2395
4475
2395
2395
4475
2395
4475
2395
4475
2395
2395
4475
2395
4475
2395
4475
2395
2395
4475
2395
4475
2395
4475
2395
2395
4475
2395
4475
2395
4475
2395
2395
4475
2395
4475
2395
4475
2395
2395
4475
2395
4475
2395
4475
2395
2395
4475
2395
4475
2395
4475
2395
2395
4475
2395
4475
2395
4475
2395
2395
4475
2395
4475
2395
4475
2395
2395
4475
2395
4475
2395
4475
2395
2395
4475
2395
4475
2395
4475
2395
2395
4475
2395
4475
2395
3627
4475
2395
4475
3627
4475
2395
4475
2395
2395
4475
2395
4475
2395
4475
2395
2395
4475
2395
4475
2395
4475
2395
1
1807
2282
1807
2420
1807
1807
1890
1807
1890
1807
1890
1807
1
232
240
232
240
232
240
240
232
240
240
232
240
240
232
240
232
240
240
232
240
240
232
240
232
240
232
240
232
240
232
240
240
232
227
232
1
1
1
1245
1245
1245
1245
1245
1245
1245
1
1
2395
4475
2395
1
2395
4475
2395
4475
2395
4475
1
2395
4475
2395
4475
2395
3627
4475
2395
11586
3627
4475
2395
4475
2395
2395
4475
2395
4475
2395
3627
4475
2395
11586
3627
4475
2395
4475
2395
2395
4475
2395
4475
2395
3627
4475
2395
11586
3627
4475
2395
4475
2395
2395
4475
2395
4475
2395
3627
4475
2395
11586
