1
232
240
232
240
232
240
240
232
240
240
232
240
240
232
240
232
240
240
232
240
240
232
240
232
240
232
240
232
240
232
240
240
232
1
4475
1
1245
1
1
2395
4475
2395
1
2395
4475
2395
4475
2395
4475
2395
2395
4475
2395
4475
2395
4475
2395
2395
4475
2395
4475
2395
4475
2395
2395
4475
2395
4475
2395
4475
2395
2395
4475
2395
4475
2395
4475
2395
2395
4475
2395
4475
2395
4475
2395
2395
4475
2395
4475
2395
4475
2395
2395
4475
2395
4475
2395
4475
2395
2395
4475
2395
4475
2395
4475
2395
2395
4475
2395
4475
2395
4475
2395
2395
4475
2395
4475
2395
4475
2395
2395
4475
2395
4475
2395
4475
2395
2395
4475
2395
4475
2395
4475
2395
2395
4475
2395
4475
2395
4475
2395
2395
4475
2395
4475
2395
4475
2395
2395
4475
2395
4475
2395
3627
4475
2395
11586
3627
4475
2395
4475
2395
2395
4475
2395
4475
2395
4475
2395
2395
4475
2395
4475
2395
4475
2395
1
1807
2282
1807
2420
1807
1807
1890
1807
1890
1807
1890
1807
1
232
240
232
240
232
240
240
232
240
240
232
240
240
232
240
232
240
240
232
240
240
232
240
232
240
232
240
232
240
232
240
240
232
227
232
1
1
1
1245
1245
1245
1245
1245
1245
1245
1
1
2395
4475
2395
1
2395
4475
2395
4475
2395
4475
2395
2395
4475
2395
4475
2395
3627
4475
2395
11586
3627
4475
2395
4475
2395
2395
4475
2395
4475
2395
3627
4475
2395
11586
3627
4475
2395
4475
2395
2395
4475
2395
4475
2395
3627
4475
2395
11586
3627
4475
2395
4475
2395
2395
4475
2395
4475
2395
3627
4475
2395
11586
3627
4475
2395
4475
2395
2395
4475
2395
4475
2395
3627
4475
2395
11586
3627
4475
2395
4475
2395
2395
4475
2395
4475
2395
4475
2395
2395
4475
2395
4475
2395
4475
2395
2395
4475
2395
4475
2395
4475
2395
2395
4475
2395
4475
2395
4475
2395
2395
4475
2395
4475
2395
4475
2395
2395
4475
2395
4475
2395
4475
2395
2395
4475
2395
4475
2395
4475
2395
2395
4475
2395
4475
2395
4475
2395
2395
4475
2395
4475
2395
4475
2395
2395
4475
2395
4475
2395
4475
2395
2395
4475
2395
4475
2395
4475
2395
2395
4475
2395
4475
2395
4475
2395
1
1807
2282
1807
2420
1807
1807
1890
1807
1890
1807
1890
1807
1
1625
2216
1625
2216
1625
2216
2216
1625
2216
2216
1625
2216
2216
1625
2216
1625
2216
1625
2216
1625
2216
1625
1745
2216
1625
2216
1625
1
713
807
713
1
1
1245
1
1
2395
4475
2395
1
2395
4475
2395
4475
2395
3627
4475
2395
11586
3627
4475
2395
4475
2395
2395
4475
2395
4475
2395
4475
2395
2395
4475
2395
4475
2395
4475
2395
2395
4475
2395
4475
2395
4475
2395
1
1807
2282
1807
2420
1807
1807
1890
1807
1890
1807
1890
1807
1
232
240
232
240
232
240
240
232
240
240
232
240
232
240
240
232
240
240
232
240
232
240
240
232
240
240
232
240
232
240
240
232
240
240
232
240
232
240
240
232
240
240
232
240
232
240
232
240
232
240
232
240
240
232
227
232
1
1
2216
1
1245
1
1233
1233
1233
1
2395
4475
2395
1
2395
4475
2395
4475
2395
4475
2395
2395
4475
2395
4475
2395
4475
2395
2395
4475
2395
4475
2395
4475
2395
2395
4475
2395
