1
49805
125479
49805
52858
125479
49805
158603
125479
49805
83646
125479
49805
10987
49805
123977
49805
26943
123977
49805
70393
123977
49805
158603
70393
123977
49805
13911
123977
49805
125479
13911
123977
49805
61596
125479
13911
123977
49805
18375
13911
123977
49805
123977
13911
123977
49805
35053
123977
13911
123977
49805
70393
123977
13911
123977
49805
65622
70393
123977
13911
123977
49805
118203
65622
70393
123977
13911
123977
49805
158603
65622
70393
123977
13911
123977
49805
10065
70393
123977
13911
123977
49805
18617
10065
70393
123977
13911
123977
49805
70393
10065
70393
123977
13911
123977
49805
52858
70393
10065
70393
123977
13911
123977
49805
158603
70393
10065
70393
123977
13911
123977
49805
58023
70393
10065
70393
123977
13911
123977
49805
12775
58023
70393
10065
70393
123977
13911
123977
49805
127865
58023
70393
10065
70393
123977
13911
123977
49805
65622
127865
58023
70393
10065
70393
123977
13911
123977
49805
118203
65622
127865
58023
70393
10065
70393
123977
13911
123977
49805
158603
65622
127865
58023
70393
10065
70393
123977
13911
123977
49805
65622
127865
58023
70393
10065
70393
123977
13911
123977
49805
78657
65622
127865
58023
70393
10065
70393
123977
13911
123977
49805
58023
70393
10065
70393
123977
13911
123977
49805
120509
58023
70393
10065
70393
123977
13911
123977
49805
127865
58023
70393
10065
70393
123977
13911
123977
49805
83646
127865
58023
70393
10065
70393
123977
13911
123977
49805
58023
127865
58023
70393
10065
70393
123977
13911
123977
49805
120509
58023
127865
58023
70393
10065
70393
123977
13911
123977
49805
127865
58023
127865
58023
70393
10065
70393
123977
13911
123977
49805
2732
127865
58023
127865
58023
70393
10065
70393
123977
13911
123977
49805
52858
127865
58023
127865
58023
70393
10065
70393
123977
13911
123977
49805
158603
127865
58023
127865
58023
70393
10065
70393
123977
13911
123977
49805
158603
127865
58023
127865
