1
2727
9485
5621
1
1
4357
12709
29500
12709
2966
11576
2966
12719
11576
2966
9980
2966
11569
2966
11365
11569
2966
8626
11569
2966
10353
8626
11569
2966
5322
10353
8626
11569
2966
6617
10353
8626
11569
2966
1734
8626
11569
2966
814
1734
8626
11569
2966
625
1734
8626
11569
2966
513
625
1734
8626
11569
2966
1328
625
1734
8626
11569
2966
567
625
1734
8626
11569
2966
836
567
625
1734
8626
11569
2966
15940
567
625
1734
8626
11569
2966
11778
15940
567
625
1734
8626
11569
2966
9238
11778
15940
567
625
1734
