1
150
194
1
23
20
16
20
28
20
16
20
2
16
20
18
16
20
37
18
16
20
12
37
18
16
20
13
37
18
16
20
37
18
16
20
15
37
18
16
20
16
20
18
16
20
18
16
20
40
18
16
20
27
18
16
20
27
27
18
16
20
26
27
18
16
20
2
26
27
18
16
20
9
26
27
18
16
20
39
26
27
18
16
20
39
26
27
18
16
20
1
1
84
101
55
101
18
55
101
18
55
101
25
101
55
101
31
55
101
11
55
101
113
11
55
101
115
11
55
101
41
115
11
55
101
6
115
11
55
101
41
115
11
55
101
5
115
11
55
101
1
1
238
695
296
851
296
881
296
328
881
296
46
881
296
301
881
296
138
881
296
243
138
881
296
249
138
881
296
259
249
138
881
296
296
49
296
881
296
253
881
296
179
253
881
296
6
253
881
296
77
253
881
296
196
253
881
296
34
881
296
5
34
881
296
34
34
881
296
4
34
881
296
8
4
34
881
296
24
8
4
34
881
296
8
4
34
881
296
8
4
34
881
296
23
8
4
34
881
296
18
8
4
34
881
296
27
18
8
4
34
881
296
22
18
8
4
34
881
296
70
18
8
4
34
881
296
1
1
1
1
1
1
15
13
1
7
6
1
6
8
6
1
8
6
6
1
8
6
2
8
6
1
2
8
6
1
1
2
